韩志远
1 1 1 1 1 
1 1 1 0 1 
刘泽浩
1 1 0 0 0 
1 1 1 1 1 
秦少智
1 0 0 1 1 
1 0 1 1 1 
李建豪
1 1 0 1 1 
0 1 1 1 1 
崔龙桢
1 1 1 1 0 
0 1 1 1 1 
封佳洋
1 1 1 1 1 
1 1 1 1 1  
刘铭清
1 1 0 1 1 
1 1 0 1 1 
李博文
1 1 1 1 1 
1 1 0 0 1 
陈瑞睿
1 1 1 1 1 
1 0 1 1 0 
成岳阳
1 1 1 1 1 
0 1 0 0 1 
马玮
1 1 1 1 1 
1 1 1 1 1 
陈悦
1 1 1 1 1 
0 1 0 0 1 
武姿
1 1 1 1 1 
1 1 1 1 1 
李龙宇
1 0 1 1 1 
1 0 1 0 1 
李祺智
1 1 1 1 1 
1 1 1 1 1 
赵浩阳
1 1 1 1 1 
1 0 1 0 1 
方永明
1 1 0 0 0 
1 0 0 0 0
李佳斌
1 1 1 1 1 
1 1 1 1 1   
